[general]
temp-day=5700
temp-night=3500
fade=1
gamma=0.8
location-provider=manual
adjustment-method=wayland

[manual]
lat=37.7654180038922
lon=-122.44669588965803
